7273
7157
5290
94025
58508
6262
6708
23195
667
643677
1756
1768
2312
10075
157922
5178
27445
29994
83872
8500
8997
440279
4703
54768
5728
57644
154664
120114
2196
23334
23345
23499
23524
23224
25909
259266
25981
2625
22866
22941
196385
199713
202333
121256
129446
1303
1378
149013
10178
11113
114784
55252
55576
55704
5591
56155
5649
480
4648
29123
286464
287
288
283310
8526
8701
84033
84665
9969
999
6335
727897
7399
7757
777
79848
8029
80309
79776
79596
79659
79026
7368
7058
6263
6311
63892
64333
5923
59269
6018
64770
64857
65065
6775
96764
9737
9780
9831
93649
9497
91584
93035
84162
84059
81671
8913
8924
8927
283450
2804
284217
346007
357
4625
463
4843
4301
3910
56154
55607
57609
57522
57520
57670
57188
57325
56890
545
5506
55230
51742
115
113
113146
1108
10847
10142
10343
157680
158471
151556
139378
125336
2065
1769
22990
23013
23120
23095
23145
2125
2175
26278
26173
261734
23331
256076
254268
23649
23770
23523
23314
23318
23269
23279
2328
23225
23230
23215
23243
23450
23348
23379
26154
26160
26148
25962
259282
25890
25836
2099
21
219931
2200
221476
221981
2316
23140
23166
23189
23049
23077
23031
22899
1770
1788
168507
2066
200576
197335
1952
1938
127294
1213
120863
120892
1179
139189
1374
1360
1287
152687
158358
148213
146177
140453
140699
144132
10351
10499
10565
1062
1063
1007
101928376
10207
11064
1130
1122
114780
114786
116092
51520
5139
55226
55181
54832
54906
54891
5362
540
54549
5648
56999
57148
57448
57481
57507
57510
57717
5783
57534
57616
55636
55345
56111
56130
55959
55785
389690
400954
399687
4041
3694
3709
3710
374308
375056
4297
4221
4233
4141
4542
4849
4842
4928
493
5001
3655
341640
3069
3097
3092
3169
3212
324
3313
3326
338
338321
284992
282809
283643
29028
2911
2956
2984
8925
88
8615
8632
85461
8567
84952
83416
84226
84073
8412
8481
84631
9659
9778
9869
9902
9730
9665
9693
9968
675
6833
6926
65250
6098
6198
6249
5980
5903
643836
63923
63967
7052
7158
7297
7155
776
7373
7508
79633
79725
79054
80852
80003
80070
80055
80133
80144
8021