7273
7157
5290
94025
58508
6262
6708
23195
667
643677
1756
1768
2312
10075
157922
5178
27445
29994
83872
8500
8997
440279
4703
54768
5728
57644
154664
120114
2196
23334
23345
23499
23524
23224
25909
259266
25981
2625
22866
22941
196385
199713
202333
121256
129446
1303
1378
149013
10178
11113
114784
55252
55576
55704
5591
56155
5649
480
4648
29123
286464
287
288
283310
8526
8701
84033
84665
9969
999
6335
727897
7399
7757
777
79848
8029
80309
79776
79596
79659
79026
7368
7058
6263
6311
63892
64333
5923
59269
6018
64770
64857
65065
6775
96764
9737
9780
9831
93649
9497
91584
93035
84162
84059
81671
8913
8924
8927
283450
2804
284217
346007
357
4625
463
4843
4301
3910
56154
55607
57609
57522
57520
57670
57188
57325
56890
545
5506
55230
51742
115
113
113146
1108
10847
10142
10343
157680
158471
151556
139378
125336
2065
1769
22990
23013
23120
23095
23145
2125
2175
26278
26173
261734
23331
256076
254268
23649
23770
23523
23314
23318
23269
23279
2328
23225
23230
23215
23243
23450
23348
23379
26154
26160
26148
25962
259282
25890
25836
2099
21
219931
2200
221476
221981
2316
23140
23166
23189
23049
23077
23031
22899
1770
1788
168507
2066
200576
197335
1952
1938
127294
1213
120863
120892
1179
139189
1374
1360
1287
152687
158358
148213
146177
140453
140699
144132
10351
10499
10565
1062
1063
1007
101928376
10207
11064
1130
1122
114780
114786
116092
51520
5139
55226
55181
54832
54906
54891
5362
540
54549
5648
56999
57148
57448
57481
57507
57510
57717
5783
57534
57616
55636
55345
56111
56130
55959
55785
389690
400954
399687
4041
3694
3709
3710
374308
375056
4297
4221
4233
4141
4542
4849
4842
4928
493
5001
3655
341640
3069
3097
3092
3169
3212
324
3313
3326
338
338321
284992
282809
283643
29028
2911
2956
2984
8925
88
8615
8632
85461
8567
84952
83416
84226
84073
8412
8481
84631
9659
9778
9869
9902
9730
9665
9693
9968
675
6833
6926
65250
6098
6198
6249
5980
5903
643836
63923
63967
7052
7158
7297
7155
776
7373
7508
79633
79725
79054
80852
80003
80070
80055
80133
80144
8021
80243
80036
79925
7994
80007
80731
8100
80324
8038
79573
79605
79726
79665
79780
79781
79813
79822
79834
7984
79867
7514
7468
7455
7486
7402
7553
7494
7745
7694
7733
790
7798
7799
7840
785
7881
7267
728773
7167
7175
718
7090
7094
7038
7047
7060
7062
64062
63895
6305
6328
64397
64123
64145
6416
5859
58499
5930
6253
6258
6261
6238
6101
6103
60437
65125
6535
65059
64864
6476
64682
64478
64422
6873
6709
6711
65981
66008
9947
9962
9677
9678
9670
9712
9718
9734
9742
9749
9931
9875
9889
9836
9839
9631
9611
9353
9400
94015
9381
946
9320
9231
9271
92736
91653
91754
91664
920
90799
91252
91522
84464
84629
84623
84624
84517
84074
84056
8411
842
84181
8443
83481
8349
8277
8313
81792
8189
8195
8202
83985
8291
8288
83548
83696
84914
84947
84969
84976
8515
8516
8520
85360
8575
8566
862
8621
85463
8641
8672
8747
8833
8850
8857
8864
8871
8972
89797
89845
8898
89857
905
2972
2917
29940
3007
2903
28981
29
29072
2890
2889
2894
2897
285527
283685
283455
283189
283316
2821
2813
285025
285190
285550
284058
284083
284525
339210
339829
3181
3096
3151
3075
3001
342538
339479
340554
343173
3667
3671
3675
3611
353189
3480
4939
4926
4647
4897
492
4627
4644
440275
4619
4811
474170
4753
4763
4593
4499
445815
4478
4360
442444
441452
4144
4056
4105
4130
4133
4212
4176
4248
4249
374786
3776
3716
3696
387680
388697
4017
4036
4038
3991
3895
390892
3909
3908
3911
391475
55814
55833
55870
55964
55966
55998
55930
56104
56108
56129
56133
56144
56159
56171
56243
56252
55249
55577
55591
55567
55421
55667
55679
55614
55709
55714
55727
55755
55757
55764
55770
55779
57585
57643
57569
57538
5787
57829
5793
5800
581
57713
57674
57683
57695
57492
57493
57495
57477
57478
57205
57169
57176
56604
56963
54510
54551
54796
54798
54801
53916
5395
5413
54407
54464
54961
54878
54954
54989
55205
55191
55187
55083
55133
55127
51271
51143
51231
5125
51265
50512
50618
51092
51386
51555
5143
51438
51704
5172
5156
51752
51755
5287
5294
5314
5332
5339
116496
117246
117289
115352
115701
115752
114788
11273
112937
1106
11083
11093
11141
11143
11176
11190
11197
11185
11214
11215
10985
1080
10802
10810
10564
10846
10873
10250
10274
10079
1010
10111
10149
10128
10013
10058
10568
10735
10769
10497
10419
10385
10388
10399
10316
1452
143872
140469
1463
147929
146556
158399
1608
161357
153478
152185
152404
151987
150572
129049
128553
128611
129684
1301
131890
1373
1362
135228
134187
137902
1380
1384
138474
1390
139065
123283
127795
126259
127254
123876
124773
124989
1907
1950
199223
1785
2011
2034
2046
2049
205147
169611
170690
170961
1763
1740
1806
163050
1634
163486
163589
1636
165
1655
1657
22917
22853
22874
23022
23035
23036
23037
22995
22997
22999
23001
23005
23078
23081
23053
23054
23057
23191
2318
23165
23173
23177
23142
23130
222256
22798
221823
221935
220
221061
221264
2201
212
219285
2194
2157
25878
2590
25940
26011
26019
26025
26030
26230
26523
26960
27031
27071
27151
27133
27283
27434
23312
23376
23420
2334
23352
23462
23469
23500
23513
23247
23240
23241
23250
23262
23217
23199
23205
23231
23271
23315
23317
23285
2483
23780
23786
23742
23654
253943
254065
2557
255928
257218
25766
25778
2559